01000000111101100101010111011110100100000100101110111000010000110001001100000100101100000011001000111011111000100010110001001010
10010011010100101000111001110110010100101111001000100110101110001110111101010010101101101001010011011111111101001011000100101101
01001000111100110100011111001001101010111101001000110001011000100000110011101011100010000001111111100010010001010010111001101011
00010101011010001010100010011011111010001010010011000001111110000010111111011011001110011100011000110000000111100011100001100010
10101111110010110100110110100101011100011000111010001100110100111100010001010100101000100111111110101010010001101010010110101011
11010110001011101110010000101100001100000110101010001000010111000001100110101110000000110011110110111110011110101111101001111111
11111000101000100110111011110111011100100010001101011111011001111011011111010001000110110010010001110001101001000111010001001110
11011001011111001100001100110001101101111001010000101101001101111011000111111001110011100100110001100001110011011111100100110100
10111111010001000001101111010010001100110101110001100111100110101000010000000111101101110010000001010011000110111011001001000100
01011100001000100111000111101000101001010110111100010110110011000100000010011100000110000000001101111111101100100111100100100101
11100000011100010010111010111100010100000011110010001000101000010010001100011001010011011001011000110110101000101101011101011101
01100101100000001100110010101011011100010111001110100011010011010110100101010101001111010100011011010010010110011000100011011010
01110100110111100000101001101000110000001001011101100100001111001100011100110001001111001110111011010001100010001100011001001101
01111100111110011001000011101000110000101011100011000011110101011011011001111010101010001010111001011000000000111000101001100010
10011100110010011000001001101111111001101100111001111010101000100100100110000010001001101101100011011000010100010111110011000010
01010000000111110100110010001001011010011010110001010000110110101010011111110011001010010010011100011001101000010001011011101100
10101001110110000001101100010110001000001001110010011000101110000110000001010101100010101011111000010001001000101101001010010001
00000001000101000000001011000011000010001010001010100100101111000101011100110011000100001000110000000011111000010011011101101111
00001111100101010011000000011110110011110011100100010000011101101100111101100111001000001000101001101001110101101100001000001111
01011101111011011000000100111110100000111000001000101100001000001111011000001001101011100100100101011110011111100011110010101110
01110101010010110101100010010101111011111011100000111001001001101100111010011010000101100001100101111000011000000010000110110011
10111001000111000110011101100100001010010110011111001111001000101100000100011011111110010001111010001100001101000101010111111111
11010011001001010010101111011001111001001000110100111100000100010001101110100110011000001101111000011001010011100011011000110101
00101000010011000010000001100100011000101110111001101100100111101101110001011010010101000000110011000100011110100000010111001110
11001001100010100111011011100100000010100000101111110001101001101000001000001100110111010011111111111111001111010100111111101000
01111111001011010011000101001010111110100110110110110000010011101111011001010010110011000101011110010010100110111000011011101010
11010101010100001101011010010100001111000011011100000010100101110101001010000100011101110111101000101011001100000000111000111101
01011000111110000111111100101000110100001101010011010010011101100001011001100010010010111001111100010101101100111110100010100010
11101001101000101101010011000110101111101110010011101001011010101110101010111111011100001001011111100111001100111111001111101100
10100001010001111110100000000111111101111101101110111011011001000100110111111100110101010011001010110100011111111011010001110001
00011110110100001011000011001000100100010001001101111000001101111111010001001101010110000000100100101101000010101010000100110001
00111100011001010000101100011000111011110110101010110011010110101010110000110001110001100101010101011010100011010011001010111100
11111001010101000001001001010000010101000010001010111100100100110010111011100111000100000011100010111101110001111101010110010111
01001111110000011011000010010011000001001110001000001000011110110011011101111111101011100001001111000110010011010010011110100001
10000010000010111001011101000001100110110100111101101111101110011011101101110100110101100111101101101000111001000110101101110010
01000111110001000000100100000101110110100111011000101101100010111011010101110110010101110010100000110110011100000011011111001101
01100100111110110001110100110010100111101000111000000111100111111010000011010000010111111001011101101101110101001110001010011001
11100011001000111010100101110111111100010010000110000110011001001111100000101100001010100111010111100111011110001101100000000111
11011100011010101011010011000100111000001001000011101100000001011011001111001010001011000010100111000110001101010000101001011001
00100110111011010111010110000110110111000000010100001001101001100000010110101011100011000111110001001010001111101011001111111111
00111011100001000100111010111001010011100110010101001110011111000101100001101001000011011101111110100001111110011100100100001000
11011000000011010001100011010001000101101111111000011111010110110011001110000001110101011110001100001011000111101011011011110010
10011100000101111101001011111110001110110100011011111000000011010001010011110100111000010011101000111001100111000101010111100110
10000011000100111001011010101110000101100100110100000111001010110010100110011100111010000100110001110110000011010010100001010011
00111011111100110000000111001100101001001100100011100111100010100100011010110001111111111011111001000101101000111111111111000011
10111011100111111011010101100001001110111001100111101010100111010111011000100111001100100100100001010001011100000101110101101000
00101011000111100000010111001010100010011010110000000010001110000000101110010111100100111111010110100011011010101110110101000011
01000100101100111111100010000011000001100011101100110110100001000111011011111110001011001111110100101100000100011101111110010110
10001111001110001101101000010111100001010101000011100111011111010010001000100011010000111100100010111100111100010100001000011110
00111000000111011010101000011111111001000101000010101100010010010010100001111010011010101001110011110100001101101011010000111000
10011001110001000000010011011000010100000001001000100011010101011111010010101111101000111101011100110110011111001111010100111001
11111011010001011110101000101110010101110110111011111010000010110001000000001101010010111101010011100011100100011110101111010111
00010100010101011101001000011111110001111001100100000110000001001110010011101111111111101001100101000111101010010110111010000010
10011100001101001000100001011001000000101100001010100011000011011100001011000111010101000100111101000101100011011011010101100011
11111110000101011111001000011101101001110010001011101110010111101111111000011010000001101110010110011000101011010010001010000111
00010100101001000100011011001110001100100100000111000010100101011101101110001110011111101100000000011011101001110110001011110010
01101010111110001001001011011111001010111101110011000110010010000101001111000010000100000100011000001011110010101101001110000000
01110101010101001001011000110000101101110011100100010001000101110110100100111100100010110001110101100101111101101000101001100110
00100000001111111100110100010111110100010100000000111100001000001110100010000000101010100010100001100001101111000100000100111011
00100000111000101001111101011100110110101000110111100110010000110011101101100000111101010010100010101111101100000001011100100110
10100000010100101101101000001101001000100110011111111011010011110100100010101100110101100111010001111001000001101011001010010010
00100000000000101011001001001111000001010100000011111001010110111011010000001011001000010001111111001101110101001000011010100010
11101110110001111111101010001001111111000110010101100100000000101100001011010001110101111011011111111001011111011100011111100101
11011011010000101011000011101111000101111001001000100100110111111100101111101011011100001000111001100101001111010110100111110100
